0.04406793656844903
0.04406793656844903
0.07157412521769221
0.11528608461606264
0.11528608461606264
0.6708217287153295
0.6708217287153295
0.6708217287153295
1.1793985756818428
1.1793985756818428
1.1793985756818428
1.1793985756818428
1.1793985756818428
1.1793985756818428
1.1793985756818428
1.1793985756818428
1.1793985756818428
1.1793985756818428
1.1793985756818428
1.453393633054631
2.6581787748023786
2.6581787748023786
2.6581787748023786
2.6581787748023786
2.6581787748023786
2.6581787748023786
2.6581787748023786
2.6581787748023786
2.6581787748023786
2.6581787748023786
2.6581787748023786
2.6581787748023786
2.6581787748023786
2.6581787748023786
2.6581787748023786
2.6581787748023786
2.6581787748023786
2.6581787748023786
2.6581787748023786
2.6581787748023786
2.6581787748023786
2.6581787748023786
2.6581787748023786
2.6581787748023786
2.6581787748023786
2.6581787748023786
2.6581787748023786
2.6581787748023786
2.6581787748023786
2.6581787748023786
2.6581787748023786
2.6581787748023786
2.6581787748023786
2.6581787748023786
2.6581787748023786
2.6581787748023786
2.6581787748023786
2.6581787748023786
2.6581787748023786
2.6581787748023786
2.6581787748023786
2.6581787748023786
2.6581787748023786
2.6581787748023786
2.6581787748023786
2.6581787748023786
2.6581787748023786
2.6581787748023786
2.6581787748023786
2.6581787748023786
2.6581787748023786
2.90583966227018
2.90583966227018
2.90583966227018
2.90583966227018
2.90583966227018
2.90583966227018
2.90583966227018
2.90583966227018
2.90583966227018
2.90583966227018
2.90583966227018
2.90583966227018
2.90583966227018
2.90583966227018
2.90583966227018
2.90583966227018
2.90583966227018
2.90583966227018
2.90583966227018
2.90583966227018
2.90583966227018
2.90583966227018
2.90583966227018
2.90583966227018
2.90583966227018
2.90583966227018
2.90583966227018
3.0245409735854114
3.0245409735854114
3.0245409735854114
3.0245409735854114
3.0245409735854114
3.0245409735854114
3.0245409735854114
3.0245409735854114
3.0245409735854114
3.0245409735854114
3.0245409735854114
3.0245409735854114
3.0245409735854114
3.0245409735854114
3.0245409735854114
3.0245409735854114
3.0245409735854114
3.06437634853222
3.06437634853222
3.06437634853222
3.06437634853222
3.06437634853222
3.06437634853222
3.06437634853222
3.06437634853222
3.06437634853222
3.06437634853222
3.06437634853222
3.06437634853222
3.06437634853222
3.06437634853222
3.06437634853222
3.06437634853222
3.06437634853222
3.06437634853222
3.06437634853222
3.06437634853222
3.06437634853222
3.06437634853222
3.06437634853222
3.06437634853222
3.06437634853222
3.06437634853222
3.06437634853222
3.06437634853222
3.06437634853222
3.06437634853222
3.06437634853222
3.06437634853222
3.06437634853222
3.06437634853222
3.06437634853222
3.06437634853222
3.06437634853222
3.06437634853222
3.06437634853222
3.06437634853222
3.06437634853222
3.06437634853222
3.06437634853222
3.06437634853222
3.06437634853222
3.06437634853222
3.06437634853222
3.06437634853222
3.06437634853222
3.06437634853222
3.1563084193388455
3.1563084193388455
3.1563084193388455
3.1563084193388455
3.1563084193388455
3.1563084193388455
3.1563084193388455
3.1563084193388455
3.1563084193388455
3.1563084193388455
3.1563084193388455
3.1563084193388455
3.1563084193388455
3.1563084193388455
3.1563084193388455
3.1563084193388455
3.1563084193388455
3.1563084193388455
3.1563084193388455
3.1563084193388455
3.1563084193388455
3.1563084193388455
3.1563084193388455
3.1563084193388455
3.1563084193388455
3.1563084193388455
3.1563084193388455
3.1563084193388455
3.1563084193388455
3.1563084193388455
3.1563084193388455
3.1563084193388455
3.1563084193388455
3.1563084193388455
3.1563084193388455
3.1563084193388455
3.1563084193388455
3.1563084193388455
3.1563084193388455
3.1563084193388455
3.1563084193388455
3.1563084193388455
3.1563084193388455
3.1563084193388455
3.1563084193388455
3.1563084193388455
3.1563084193388455
3.1563084193388455
3.1563084193388455
3.1563084193388455
3.1563084193388455
3.1563084193388455
3.207122899087745
3.207122899087745
3.207122899087745
3.207122899087745
3.207122899087745
3.207122899087745
3.207122899087745
3.207122899087745
3.207122899087745
3.207122899087745
3.207122899087745
3.207122899087745
3.207122899087745
3.207122899087745
3.207122899087745
3.207122899087745
3.207122899087745
3.207122899087745
3.207122899087745
3.207122899087745
3.207122899087745
3.207122899087745
3.207122899087745
3.540170437751553
3.540170437751553
3.540170437751553
3.540170437751553
3.540170437751553
3.540170437751553
3.540170437751553
3.540170437751553
3.540170437751553
3.540170437751553
3.540170437751553
3.540170437751553
3.540170437751553
3.540170437751553
3.540170437751553
3.540170437751553
3.540170437751553
3.540170437751553
3.540170437751553
3.540170437751553
3.540170437751553
3.540170437751553
3.540170437751553
3.540170437751553
3.540170437751553
3.540170437751553
3.540170437751553
3.540170437751553
3.540170437751553
3.540170437751553
3.540170437751553
3.540170437751553
3.540170437751553
3.540170437751553
3.540170437751553
3.7679994158760297
3.7679994158760297
3.7679994158760297
3.7679994158760297
3.7679994158760297
3.7679994158760297
3.7679994158760297
3.7679994158760297
3.7679994158760297
3.7679994158760297
3.7679994158760297
3.7679994158760297
3.7679994158760297
3.7679994158760297
3.7679994158760297
3.7679994158760297
3.7679994158760297
3.7679994158760297
3.7679994158760297
3.7679994158760297
3.7679994158760297
3.7679994158760297
3.7679994158760297
3.7679994158760297
3.7679994158760297
3.7679994158760297
3.7679994158760297
3.7679994158760297
3.7679994158760297
3.7679994158760297
3.7679994158760297
3.7679994158760297
3.7679994158760297
3.7679994158760297
3.7679994158760297
3.7679994158760297
3.7679994158760297
3.7679994158760297
3.7679994158760297
3.7679994158760297
3.7679994158760297
3.7679994158760297
3.7679994158760297
3.7679994158760297
3.7679994158760297
3.7679994158760297
3.7679994158760297
3.7679994158760297
3.7679994158760297
3.7679994158760297
3.7679994158760297
3.7679994158760297
3.7679994158760297
3.7679994158760297
3.7679994158760297
3.7679994158760297
3.7679994158760297
3.7679994158760297
3.7679994158760297
3.7679994158760297
3.7679994158760297
3.7679994158760297
3.7679994158760297
3.7679994158760297
3.7679994158760297
3.7679994158760297
3.7679994158760297
3.7679994158760297
3.7679994158760297
3.7679994158760297
3.7679994158760297
3.7679994158760297
3.7679994158760297
3.7679994158760297
3.7679994158760297
3.7679994158760297
3.7679994158760297
3.7679994158760297
3.7679994158760297
3.7679994158760297
3.7679994158760297
3.7679994158760297
3.7679994158760297
3.7679994158760297
3.7679994158760297
3.7679994158760297
3.7679994158760297
3.7679994158760297
3.7679994158760297
3.7679994158760297
3.7679994158760297
3.7679994158760297
3.7679994158760297
3.7679994158760297
3.7679994158760297
3.7679994158760297
3.7679994158760297
3.7679994158760297
3.7679994158760297
3.7679994158760297
3.7679994158760297
3.7679994158760297
3.7679994158760297
3.7679994158760297
3.7679994158760297
3.7679994158760297
3.7679994158760297
3.7679994158760297
3.7679994158760297
3.7679994158760297
3.7679994158760297
3.7679994158760297
3.7679994158760297
3.7679994158760297
3.7679994158760297
3.7679994158760297
3.7679994158760297
3.7679994158760297
3.7679994158760297
3.7679994158760297
3.7679994158760297
3.7679994158760297
3.7679994158760297
3.7679994158760297
3.7679994158760297
3.7679994158760297
3.7679994158760297
3.7679994158760297
3.7679994158760297
3.7679994158760297
3.7679994158760297
3.7679994158760297
3.7679994158760297
3.7679994158760297
3.7679994158760297
3.7679994158760297
3.7679994158760297
3.7679994158760297
3.7679994158760297
3.7679994158760297
3.7679994158760297
3.7679994158760297
3.7679994158760297
3.7679994158760297
3.7679994158760297
3.7679994158760297
3.7679994158760297
3.7679994158760297
3.7679994158760297
3.7679994158760297
3.7679994158760297
3.7679994158760297
3.7679994158760297
3.7679994158760297
3.7679994158760297
3.7679994158760297
3.7679994158760297
3.7679994158760297
3.7679994158760297
3.7679994158760297
3.7679994158760297
3.7679994158760297
3.7679994158760297
3.7679994158760297
3.7679994158760297
3.7679994158760297
3.7679994158760297
3.7679994158760297
3.7679994158760297
4.130537590238517
4.130537590238517
4.130537590238517
4.130537590238517
4.130537590238517
4.130537590238517
4.130537590238517
4.130537590238517
4.130537590238517
4.130537590238517
4.130537590238517
4.130537590238517
4.130537590238517
4.130537590238517
4.130537590238517
4.130537590238517
4.130537590238517
4.130537590238517
4.130537590238517
4.130537590238517
4.130537590238517
4.130537590238517
4.130537590238517
4.130537590238517
4.130537590238517
4.130537590238517
4.130537590238517
4.130537590238517
4.130537590238517
4.130537590238517
4.130537590238517
4.130537590238517
4.130537590238517
4.130537590238517
4.130537590238517
4.130537590238517
4.130537590238517
4.130537590238517
4.130537590238517
4.130537590238517
4.130537590238517
4.130537590238517
4.130537590238517
4.130537590238517
4.130537590238517
4.130537590238517
4.130537590238517
4.130537590238517
4.130537590238517
4.130537590238517
4.130537590238517
4.130537590238517
4.130537590238517
4.130537590238517
4.130537590238517
4.130537590238517
