1.12453463845687 -0.9185424539369779 
1.0193373214414692 -0.9185424539369779 
0.5399559607974118 2.09326075003416 
2.09326075003416 0.9023053456021769 
0.6572388480734687 -0.32598978515055965 
0.6572388480734687 0.6316043165933444 
0.35870777439247686 0.4008285581010285 
0.4008285581010285 0.3939036047506415 
0.48536371451780325 0.6020584621027285 
0.9644647092034079 0.6020584621027285 
1.4339707274448452 0.5893591799952663 
1.4339707274448452 0.8225981489359052 
0.2807225857177984 0.5893591799952663 
0.8225981489359052 0.5893591799952663 
0.46356980278493276 1.5601185680286447 
1.5601185680286447 0.7368381190671847 
0.009558095031966585 0.38995356220430644 
0.7372229169667626 0.38995356220430644 
1.7684308251227794 2.253783649250604 
2.253783649250604 1.7684308251227794 
0.7867673159911084 2.253783649250604 
2.253783649250604 0.7867673159911084 
-0.5013865713549125 0.23931107275122346 
0.5290611631650088 0.23931107275122346 
0.3852617848592899 0.43494644499047613 
0.4376963339078243 0.43494644499047613 
0.9671628204217573 0.8939813464083237 
0.9671628204217573 0.8939813464083237 
0.832613902960022 0.3960259602576285 
1.2304075027900607 1.0009540929831167 
0.7816885652529805 0.521558662054185 
1.331299065766506 0.7816885652529805 
-0.2834734647921048 1.2658220699874825 
1.2658220699874825 0.5001289583866829 
0.3766585638440728 1.5276899592422726 
1.5276899592422726 0.8737063235235762 
1.7303643268151863 1.2651618619362652 0.018012395131468628 0.48366700063041984 0.43322603663159454 0.37429583946261974 0.47168829510871313 0.40240375767058145 1.265048995443462 0.9657900785455735 
1.7303643268151863 1.7027203585128121 1.4213674157101106 1.2651618619362652 1.265048995443462 0.9657900785455735 0.5160281868510498 0.48366700063041984 0.47168829510871313 0.43322603663159454 
1.7303643268151863 1.7303643268151863 1.7027203585128121 1.4213674157101106 1.2651618619362652 1.2651618619362652 1.265048995443462 1.1460346923870446 0.9819792010694577 0.9657900785455735 
1.7303643268151863 1.7303643268151863 1.7027203585128121 1.5102652504762846 1.4213674157101106 1.2651618619362652 1.2651618619362652 1.265048995443462 1.223189867762101 1.1460346923870446 
1.7303643268151863 1.7303643268151863 1.7027203585128121 1.5102652504762846 1.4213674157101106 1.4213674157101106 1.2651618619362652 1.2651618619362652 1.265048995443462 1.223189867762101 
1.8781688958203853 1.7303643268151863 1.7303643268151863 1.7303643268151863 1.7027203585128121 1.5102652504762846 1.4213674157101106 1.4213674157101106 1.2651618619362652 1.2651618619362652 
0.40807054617928795 0.7805023303354166 0.8811140020318724 0.27876825762514806 0.17834868562847525 0.5271628771799979 0.3564852381463417 1.3565641233208925 0.5689260436972288 0.49715931076206943 
2.388576839722821 1.3565641233208925 0.8811140020318724 0.7805023303354166 0.6992754399715541 0.6808788391442443 0.5689260436972288 0.5681063171559647 0.5271628771799979 0.5271628771799979 
2.388576839722821 1.3565641233208925 1.0632245080593334 0.9805077207892946 0.8811140020318724 0.7805023303354166 0.7203589537949613 0.6992754399715541 0.6808788391442443 0.5689260436972288 
-0.18581208753086909 0.2428391992957274 0.24586933844266368 0.5472147073172254 0.18816774621275306 0.30679227482019866 0.29841269293502104 0.4989189442660886 0.274998034736176 0.0772562009697687 
0.891453418735866 0.5472147073172254 0.4989189442660886 0.49746880416632416 0.39615780762749564 0.30679227482019866 0.29841269293502104 0.274998034736176 0.24586933844266368 0.2428391992957274 
-0.19090127217392755 0.3308621323609117 -0.24203103671738735 0.6778881556165187 0.47097356633603976 0.9726681696596712 1.5770534378313321 0.5467214728028273 -0.6001338888407481 0.2675169068007076 
1.5770534378313321 0.9726681696596712 0.891453418735866 0.6778881556165187 0.5467214728028273 0.49746880416632416 0.47097356633603976 0.39615780762749564 0.3308621323609117 0.2675169068007076 
1.5770534378313321 0.9726681696596712 0.891453418735866 0.6819198608499336 0.6778881556165187 0.5467214728028273 0.4989189442660886 0.49746880416632416 0.47097356633603976 0.450546134247704 
1.5770534378313321 0.99372624763282 0.9726681696596712 0.891453418735866 0.6819198608499336 0.6778881556165187 0.5727226776793349 0.5467214728028273 0.5045651638402855 0.4989189442660886 
1.722115443732168 1.5770534378313321 1.3697837445930665 1.3010152479399202 0.99372624763282 0.9805077207892946 0.9726681696596712 0.891453418735866 0.7208860120472538 0.6819198608499336 
0.36916364284423586 0.1422534422749083 0.28359549597337574 -0.045623928138057934 1.347595169934233 0.314642999116442 1.070506189055282 0.13657466094029044 0.4400930705175225 0.7353510282668656 
1.3515195300408016 1.347595169934233 1.070506189055282 0.7353510282668656 0.6046322157639296 0.53539103664561 0.49643443654499864 0.4400930705175225 0.36916364284423586 0.32687892661384077 
1.3515195300408016 1.347595169934233 1.3405396475143374 1.2246330146124982 1.070506189055282 0.7353510282668656 0.6258264399924195 0.6046322157639296 0.5476786567446904 0.53539103664561 
1.3515195300408016 1.347595169934233 1.3405396475143374 1.2246330146124982 1.070506189055282 0.9726681696596712 0.8647654927842878 0.7911333622551879 0.7353510282668656 0.6258264399924195 
1.3515195300408016 1.347595169934233 1.3405396475143374 1.2246330146124982 1.070506189055282 0.9726681696596712 0.9027071475521862 0.9023800235419783 0.8647654927842878 0.7911333622551879 
1.3515195300408016 1.347595169934233 1.3405396475143374 1.2246330146124982 1.0968063200491711 1.070506189055282 0.9726681696596712 0.9526369932323767 0.9027071475521862 0.9023800235419783 
1.9986676004545645 1.3515195300408016 1.347595169934233 1.3405396475143374 1.2246330146124982 1.0968063200491711 1.070506189055282 0.9726681696596712 0.9726681696596712 0.9526369932323767 
1.1938318262532994 0.6762833342032613 0.06669176881200108 0.34806620899121693 0.2372738219302038 0.2813862635230542 0.3698172274556963 0.4010224899382552 0.40303100802190095 1.2456969796659418 
1.2456969796659418 1.1938318262532994 0.950198193347396 0.6762833342032613 0.5772773986186168 0.5633493495213273 0.552289008843503 0.4103726672499235 0.40303100802190095 0.4010224899382552 
1.2456969796659418 1.1938318262532994 0.950198193347396 0.873828292328257 0.6942375643662595 0.6762833342032613 0.6679934264583891 0.6584455143607907 0.5772773986186168 0.5633493495213273 
2.064730213558906 1.2456969796659418 1.1938318262532994 0.950198193347396 0.873828292328257 0.7976023552317004 0.6942375643662595 0.6762833342032613 0.6679934264583891 0.6584455143607907 
2.064730213558906 1.2456969796659418 1.2453641539605613 1.1938318262532994 1.0968063200491711 0.9526369932323767 0.950198193347396 0.8900496992379399 0.873828292328257 0.8717328906968915 
2.064730213558906 1.4079559163257998 1.2456969796659418 1.2456969796659418 1.2453641539605613 1.1938318262532994 1.184438442203879 1.0968063200491711 0.9526369932323767 0.950198193347396 
