0.31105480576859307
0.6196289610115745
1.3129330668517185
1.3129330668517185
1.5393250229061493
1.5393250229061493
1.5678724031757154
1.5678724031757154
1.5678724031757154
1.5678724031757154
1.5678724031757154
1.5678724031757154
1.5678724031757154
1.5678724031757154
1.5678724031757154
2.721579524156489
2.721579524156489
2.721579524156489
2.721579524156489
2.721579524156489
2.721579524156489
2.721579524156489
2.721579524156489
2.721579524156489
2.721579524156489
2.721579524156489
2.721579524156489
2.721579524156489
2.721579524156489
1.6270201613109554
1.6270201613109554
1.876334643898591
1.876334643898591
1.876334643898591
1.876334643898591
1.876334643898591
0.3346721923429334
0.3346721923429334
0.3357689349403606
0.3357689349403606
0.8671784605839403
0.8671784605839403
0.8671784605839403
0.8671784605839403
0.8671784605839403
0.8671784605839403
0.8671784605839403
0.8671784605839403
0.8671784605839403
0.8671784605839403
0.8671784605839403
0.8671784605839403
1.023130239308464
1.023130239308464
1.023130239308464
1.023130239308464
0.039319117424003805
0.3995534709806672
0.8929505112690226
0.8929505112690226
0.8929505112690226
0.8929505112690226
0.8929505112690226
0.8929505112690226
0.8929505112690226
0.8929505112690226
0.9101915992581381
0.9101915992581381
0.9101915992581381
0.9101915992581381
0.9101915992581381
0.9101915992581381
0.9101915992581381
0.9101915992581381
1.3525581331017982
1.3525581331017982
1.3525581331017982
1.3525581331017982
1.3525581331017982
1.3525581331017982
1.3525581331017982
1.3525581331017982
1.3525581331017982
1.3525581331017982
1.3525581331017982
1.3525581331017982
1.3525581331017982
1.3525581331017982
1.3525581331017982
1.3525581331017982
1.3525581331017982
1.3525581331017982
1.3525581331017982
1.3525581331017982
1.3525581331017982
1.3525581331017982
1.3525581331017982
1.3525581331017982
1.3525581331017982
1.3525581331017982
1.3525581331017982
1.3525581331017982
1.3525581331017982
1.3525581331017982
1.3525581331017982
1.6293344333489153
1.6293344333489153
1.6293344333489153
1.6293344333489153
1.6293344333489153
1.6293344333489153
1.6293344333489153
1.6293344333489153
1.6293344333489153
1.6293344333489153
1.6293344333489153
1.6293344333489153
1.6293344333489153
1.6293344333489153
1.6293344333489153
1.6293344333489153
1.6293344333489153
1.838985950350504
1.838985950350504
1.838985950350504
1.838985950350504
1.838985950350504
1.838985950350504
1.838985950350504
1.838985950350504
1.838985950350504
1.838985950350504
1.838985950350504
1.838985950350504
1.838985950350504
1.838985950350504
1.838985950350504
1.838985950350504
1.838985950350504
1.838985950350504
1.838985950350504
1.838985950350504
1.838985950350504
1.838985950350504
1.838985950350504
1.838985950350504
1.838985950350504
1.838985950350504
1.838985950350504
1.838985950350504
1.838985950350504
1.838985950350504
1.838985950350504
1.838985950350504
1.838985950350504
1.838985950350504
1.838985950350504
1.838985950350504
1.838985950350504
1.838985950350504
1.838985950350504
1.838985950350504
1.838985950350504
1.838985950350504
1.838985950350504
1.838985950350504
1.838985950350504
1.838985950350504
1.838985950350504
1.838985950350504
1.838985950350504
1.838985950350504
1.838985950350504
1.838985950350504
1.838985950350504
1.838985950350504
1.838985950350504
1.838985950350504
1.838985950350504
1.838985950350504
1.838985950350504
1.838985950350504
1.838985950350504
1.838985950350504
1.838985950350504
1.838985950350504
1.838985950350504
1.838985950350504
1.838985950350504
1.838985950350504
1.838985950350504
1.838985950350504
1.838985950350504
1.838985950350504
2.6427908833024567
2.6427908833024567
2.6427908833024567
2.6427908833024567
2.6427908833024567
2.6427908833024567
2.6427908833024567
2.6427908833024567
2.6427908833024567
2.6427908833024567
2.6427908833024567
2.6427908833024567
2.6427908833024567
2.6427908833024567
2.6427908833024567
2.6427908833024567
2.6427908833024567
2.6427908833024567
2.6427908833024567
2.6427908833024567
2.6427908833024567
2.6427908833024567
2.6427908833024567
2.6427908833024567
2.6427908833024567
2.6427908833024567
2.6427908833024567
2.6427908833024567
2.6427908833024567
2.6427908833024567
2.6427908833024567
2.6427908833024567
2.6427908833024567
2.6427908833024567
2.6427908833024567
2.6427908833024567
2.6427908833024567
2.6427908833024567
2.6427908833024567
2.6427908833024567
2.6427908833024567
2.6427908833024567
2.6427908833024567
2.6427908833024567
2.6427908833024567
2.6427908833024567
2.6427908833024567
2.6427908833024567
2.6427908833024567
2.6427908833024567
2.6427908833024567
2.6427908833024567
2.6427908833024567
2.6427908833024567
2.6427908833024567
2.6427908833024567
2.6427908833024567
2.6427908833024567
2.6427908833024567
2.6427908833024567
2.868528398085409
2.868528398085409
2.868528398085409
2.868528398085409
2.868528398085409
2.868528398085409
2.868528398085409
2.868528398085409
2.868528398085409
2.868528398085409
2.868528398085409
2.868528398085409
2.868528398085409
2.868528398085409
2.868528398085409
2.868528398085409
2.868528398085409
2.868528398085409
2.868528398085409
2.911942109558747
2.911942109558747
2.911942109558747
2.911942109558747
2.911942109558747
2.911942109558747
2.911942109558747
2.911942109558747
2.911942109558747
2.911942109558747
2.911942109558747
2.911942109558747
2.911942109558747
2.911942109558747
2.911942109558747
2.911942109558747
2.911942109558747
2.911942109558747
2.911942109558747
2.911942109558747
2.911942109558747
2.911942109558747
2.911942109558747
2.911942109558747
2.911942109558747
2.911942109558747
2.911942109558747
2.911942109558747
2.911942109558747
2.911942109558747
3.104250542640014
3.104250542640014
3.104250542640014
3.104250542640014
3.104250542640014
3.104250542640014
3.104250542640014
3.104250542640014
3.104250542640014
3.104250542640014
3.104250542640014
3.104250542640014
3.104250542640014
3.104250542640014
3.104250542640014
3.104250542640014
3.104250542640014
3.104250542640014
3.104250542640014
3.104250542640014
3.104250542640014
3.104250542640014
3.104250542640014
3.104250542640014
3.104250542640014
3.104250542640014
3.104250542640014
3.104250542640014
3.104250542640014
3.104250542640014
3.104250542640014
3.104250542640014
3.104250542640014
3.104250542640014
3.104250542640014
3.104250542640014
3.104250542640014
3.104250542640014
3.104250542640014
3.104250542640014
3.104250542640014
3.104250542640014
3.104250542640014
3.104250542640014
3.104250542640014
3.104250542640014
3.104250542640014
3.104250542640014
3.104250542640014
3.104250542640014
3.104250542640014
3.104250542640014
3.104250542640014
3.104250542640014
3.104250542640014
3.104250542640014
3.104250542640014
3.104250542640014
3.104250542640014
3.104250542640014
3.104250542640014
3.104250542640014
3.104250542640014
3.104250542640014
3.104250542640014
3.104250542640014
3.104250542640014
3.104250542640014
3.104250542640014
3.104250542640014
3.104250542640014
3.104250542640014
3.104250542640014
3.104250542640014
3.104250542640014
3.104250542640014
3.104250542640014
3.104250542640014
3.104250542640014
3.104250542640014
3.104250542640014
3.104250542640014
3.104250542640014
3.104250542640014
3.104250542640014
3.104250542640014
3.104250542640014
3.104250542640014
3.104250542640014
3.104250542640014
3.104250542640014
3.104250542640014
3.104250542640014
3.104250542640014
3.104250542640014
3.104250542640014
3.104250542640014
3.104250542640014
3.104250542640014
3.104250542640014
3.104250542640014
3.104250542640014
3.104250542640014
3.104250542640014
3.104250542640014
3.104250542640014
3.104250542640014
3.104250542640014
3.104250542640014
3.104250542640014
3.104250542640014
3.104250542640014
3.104250542640014
3.104250542640014
3.104250542640014
3.104250542640014
3.104250542640014
3.104250542640014
3.104250542640014
3.104250542640014
3.104250542640014
3.104250542640014
3.104250542640014
3.104250542640014
3.104250542640014
3.104250542640014
3.104250542640014
3.104250542640014
3.104250542640014
3.104250542640014
3.104250542640014
3.104250542640014
3.104250542640014
3.104250542640014
3.104250542640014
3.104250542640014
3.104250542640014
3.104250542640014
3.104250542640014
3.104250542640014
3.104250542640014
3.104250542640014
3.104250542640014
3.104250542640014
3.104250542640014
3.104250542640014
3.104250542640014
3.104250542640014
3.104250542640014
3.104250542640014
3.104250542640014
3.122868942530502
3.122868942530502
3.122868942530502
3.122868942530502
3.122868942530502
3.122868942530502
3.122868942530502
3.122868942530502
3.122868942530502
3.122868942530502
3.122868942530502
3.122868942530502
3.122868942530502
3.122868942530502
3.122868942530502
3.122868942530502
3.122868942530502
3.122868942530502
3.122868942530502
3.122868942530502
3.122868942530502
3.122868942530502
3.2072540735362476
3.2072540735362476
3.2072540735362476
3.2072540735362476
3.2072540735362476
3.2072540735362476
3.2072540735362476
3.2072540735362476
3.2072540735362476
3.2072540735362476
3.2072540735362476
3.2072540735362476
3.2072540735362476
3.2072540735362476
3.2072540735362476
3.2072540735362476
3.2072540735362476
3.2072540735362476
3.2072540735362476
3.2072540735362476
3.2072540735362476
3.2072540735362476
3.2072540735362476
3.2072540735362476
