0.041911985016947956
0.09782365160072522
0.09782365160072522
0.09782365160072522
0.09782365160072522
0.2349406215178333
0.29908707403965984
0.29908707403965984
0.45600058280012506
0.45600058280012506
0.46219503830532865
0.46219503830532865
0.4963269446504229
0.4963269446504229
0.9432089639761293
0.9432089639761293
0.9432089639761293
0.8421929363590023
0.8421929363590023
0.8421929363590023
0.8421929363590023
0.8421929363590023
0.8421929363590023
0.8421929363590023
0.8421929363590023
0.8421929363590023
0.8421929363590023
0.8421929363590023
0.8421929363590023
0.8421929363590023
0.8421929363590023
0.8421929363590023
0.8421929363590023
0.8421929363590023
0.8421929363590023
0.8421929363590023
0.8421929363590023
0.8421929363590023
0.8421929363590023
0.8421929363590023
0.9399503140358972
0.9399503140358972
1.4468191506976387
1.463264516632483
1.463264516632483
1.463264516632483
1.463264516632483
1.463264516632483
1.463264516632483
1.463264516632483
1.463264516632483
1.463264516632483
1.463264516632483
1.463264516632483
1.463264516632483
1.463264516632483
1.463264516632483
1.65565429059166
1.65565429059166
1.65565429059166
1.65565429059166
1.65565429059166
1.65565429059166
1.65565429059166
1.65565429059166
1.65565429059166
1.65565429059166
1.65565429059166
1.8283315860495528
1.8283315860495528
1.8283315860495528
1.8283315860495528
1.8283315860495528
1.8283315860495528
1.8283315860495528
1.8283315860495528
1.8283315860495528
1.8283315860495528
1.8283315860495528
1.8283315860495528
1.8612814704138503
1.8612814704138503
1.8612814704138503
2.122997958459137
2.4717745784422873
2.4717745784422873
2.4717745784422873
2.4717745784422873
2.4717745784422873
2.4717745784422873
2.4717745784422873
2.4717745784422873
2.4717745784422873
2.4717745784422873
2.4717745784422873
2.4717745784422873
2.4717745784422873
2.4717745784422873
2.5110437072111207
2.5481334920045793
2.5616537452291777
3.087259311478985
3.087259311478985
3.087259311478985
3.087259311478985
3.087259311478985
3.087259311478985
3.087259311478985
3.087259311478985
3.087259311478985
3.087259311478985
3.087259311478985
3.087259311478985
3.087259311478985
3.087259311478985
3.087259311478985
3.087259311478985
3.087259311478985
3.087259311478985
3.087259311478985
3.087259311478985
3.087259311478985
3.087259311478985
3.087259311478985
3.087259311478985
3.087259311478985
3.087259311478985
3.087259311478985
3.087259311478985
3.087259311478985
3.087259311478985
3.087259311478985
3.087259311478985
3.087259311478985
3.087259311478985
3.087259311478985
3.087259311478985
3.087259311478985
3.1036208050010208
3.1036208050010208
3.1036208050010208
3.1278786787908444
3.1278786787908444
3.1278786787908444
3.1278786787908444
3.1278786787908444
3.1278786787908444
3.1278786787908444
3.2051386307889715
3.2051386307889715
3.2051386307889715
3.2051386307889715
3.2051386307889715
3.2051386307889715
3.2051386307889715
3.2051386307889715
3.367203295092537
3.367203295092537
3.367203295092537
3.367203295092537
3.367203295092537
3.367203295092537
3.367203295092537
3.367203295092537
3.367203295092537
3.367203295092537
3.367203295092537
3.367203295092537
3.367203295092537
3.367203295092537
3.367203295092537
3.367203295092537
3.367203295092537
3.367203295092537
3.367203295092537
3.367203295092537
3.367203295092537
3.367203295092537
3.367203295092537
3.367203295092537
3.367203295092537
3.367203295092537
3.367203295092537
3.367203295092537
3.367203295092537
3.367203295092537
3.367203295092537
3.367203295092537
3.367203295092537
3.367203295092537
3.367203295092537
3.367203295092537
3.367203295092537
3.367203295092537
3.367203295092537
3.367203295092537
3.367203295092537
3.367203295092537
3.367203295092537
3.367203295092537
3.367203295092537
3.367203295092537
3.367203295092537
3.367203295092537
3.367203295092537
3.367203295092537
3.367203295092537
3.367203295092537
3.367203295092537
3.367203295092537
3.367203295092537
3.367203295092537
3.367203295092537
3.367203295092537
3.367203295092537
3.367203295092537
3.367203295092537
3.367203295092537
3.367203295092537
3.367203295092537
3.367203295092537
3.3779002683710737
3.3779002683710737
3.3779002683710737
3.3779002683710737
3.7561392176587627
3.7561392176587627
3.7561392176587627
3.7561392176587627
3.7561392176587627
3.7561392176587627
3.7561392176587627
3.7561392176587627
3.7561392176587627
3.8986213893579515
3.8986213893579515
3.8986213893579515
3.8986213893579515
3.8986213893579515
3.8986213893579515
3.8986213893579515
3.8986213893579515
3.8986213893579515
3.8986213893579515
3.8986213893579515
3.8986213893579515
3.8986213893579515
4.278672935603713
4.278672935603713
4.278672935603713
4.278672935603713
4.278672935603713
4.278672935603713
4.278672935603713
4.278672935603713
4.278672935603713
4.278672935603713
4.278672935603713
4.278672935603713
4.278672935603713
4.278672935603713
4.278672935603713
4.278672935603713
4.278672935603713
4.278672935603713
4.278672935603713
4.278672935603713
4.278672935603713
4.278672935603713
4.278672935603713
4.278672935603713
4.278672935603713
4.278672935603713
4.278672935603713
4.278672935603713
4.278672935603713
4.278672935603713
4.278672935603713
4.278672935603713
4.278672935603713
4.278672935603713
4.278672935603713
4.278672935603713
4.278672935603713
4.278672935603713
4.278672935603713
4.278672935603713
4.278672935603713
4.278672935603713
4.278672935603713
4.278672935603713
4.278672935603713
4.278672935603713
4.278672935603713
4.278672935603713
4.278672935603713
4.278672935603713
4.278672935603713
4.278672935603713
4.278672935603713
4.278672935603713
4.278672935603713
4.278672935603713
4.278672935603713
4.278672935603713
4.278672935603713
4.278672935603713
4.278672935603713
4.278672935603713
4.278672935603713
4.278672935603713
4.278672935603713
4.278672935603713
4.278672935603713
4.278672935603713
4.278672935603713
4.278672935603713
4.278672935603713
4.278672935603713
4.278672935603713
4.278672935603713
4.278672935603713
4.278672935603713
4.278672935603713
4.278672935603713
4.278672935603713
4.278672935603713
4.278672935603713
4.278672935603713
4.278672935603713
4.278672935603713
4.278672935603713
4.278672935603713
4.278672935603713
4.278672935603713
4.278672935603713
4.278672935603713
4.278672935603713
4.278672935603713
4.278672935603713
4.278672935603713
4.278672935603713
4.278672935603713
4.278672935603713
4.278672935603713
4.278672935603713
4.278672935603713
4.278672935603713
4.278672935603713
4.278672935603713
4.278672935603713
4.278672935603713
4.278672935603713
4.278672935603713
4.278672935603713
4.278672935603713
4.278672935603713
4.278672935603713
4.278672935603713
4.278672935603713
4.278672935603713
4.278672935603713
4.278672935603713
4.278672935603713
4.278672935603713
4.278672935603713
4.278672935603713
4.278672935603713
4.278672935603713
4.278672935603713
4.278672935603713
4.278672935603713
4.278672935603713
4.278672935603713
4.278672935603713
4.278672935603713
4.278672935603713
4.278672935603713
4.278672935603713
4.278672935603713
4.278672935603713
4.278672935603713
4.278672935603713
4.278672935603713
4.278672935603713
4.278672935603713
4.278672935603713
4.278672935603713
4.278672935603713
4.283614039439618
4.283614039439618
4.283614039439618
4.283614039439618
4.283614039439618
4.283614039439618
4.283614039439618
4.283614039439618
4.283614039439618
4.283614039439618
4.283614039439618
4.283614039439618
4.283614039439618
4.283614039439618
4.283614039439618
4.283614039439618
4.283614039439618
4.283614039439618
4.283614039439618
4.283614039439618
4.283614039439618
4.283614039439618
4.283614039439618
4.283614039439618
4.283614039439618
4.283614039439618
4.283614039439618
4.283614039439618
4.283614039439618
4.283614039439618
4.283614039439618
4.283614039439618
4.283614039439618
4.283614039439618
4.283614039439618
4.283614039439618
4.283614039439618
4.283614039439618
4.283614039439618
4.283614039439618
4.283614039439618
4.283614039439618
4.283614039439618
4.283614039439618
4.283614039439618
4.283614039439618
4.283614039439618
4.283614039439618
4.283614039439618
4.283614039439618
4.283614039439618
4.283614039439618
4.283614039439618
4.283614039439618
4.283614039439618
4.283614039439618
4.283614039439618
4.283614039439618
4.283614039439618
4.283614039439618
4.283614039439618
4.283614039439618
4.283614039439618
4.283614039439618
4.283614039439618
4.283614039439618
4.283614039439618
4.283614039439618
4.283614039439618
4.283614039439618
4.283614039439618
4.283614039439618
4.283614039439618
4.283614039439618
4.283614039439618
4.283614039439618
4.283614039439618
4.283614039439618
4.283614039439618
4.283614039439618
4.283614039439618
4.283614039439618
4.283614039439618
4.283614039439618
4.283614039439618
4.283614039439618
4.283614039439618
4.283614039439618
4.283614039439618
4.283614039439618
4.283614039439618
4.283614039439618
4.283614039439618
4.283614039439618
4.283614039439618
4.283614039439618
4.283614039439618
4.283614039439618
4.283614039439618
4.283614039439618
4.283614039439618
4.283614039439618
4.283614039439618
4.283614039439618
4.283614039439618
4.283614039439618
4.283614039439618
4.283614039439618
4.283614039439618
4.283614039439618
4.283614039439618
4.283614039439618
4.283614039439618
4.283614039439618
4.283614039439618
4.283614039439618
4.283614039439618
4.283614039439618
4.283614039439618
4.283614039439618
4.283614039439618
4.283614039439618
4.283614039439618
4.283614039439618
4.283614039439618
4.283614039439618
4.283614039439618
4.283614039439618
