0.9162645087393243
0.9162645087393243
0.9162645087393243
0.9162645087393243
0.9162645087393243
0.9162645087393243
0.9162645087393243
0.9162645087393243
0.9162645087393243
0.9162645087393243
0.9162645087393243
0.9162645087393243
0.9352582245332962
1.0065804706080659
1.0065804706080659
1.0065804706080659
1.0065804706080659
1.0065804706080659
1.0065804706080659
1.0065804706080659
1.0065804706080659
1.0065804706080659
1.1164426415619093
1.1164426415619093
1.1164426415619093
1.197316629685566
1.197316629685566
1.197316629685566
1.197316629685566
1.197316629685566
1.197316629685566
1.197316629685566
1.197316629685566
1.197316629685566
1.197316629685566
1.197316629685566
1.197316629685566
1.6132315901999745
1.6132315901999745
1.6132315901999745
1.6132315901999745
1.8976304431117852
1.8976304431117852
1.8976304431117852
1.8976304431117852
1.8976304431117852
1.8976304431117852
1.9582904731863557
1.9582904731863557
1.9582904731863557
1.9582904731863557
1.9582904731863557
1.9582904731863557
1.9582904731863557
1.9582904731863557
1.9582904731863557
1.9582904731863557
1.9582904731863557
1.9742193690988217
1.9742193690988217
1.9742193690988217
1.9742193690988217
1.9742193690988217
2.118751696894789
2.148916163065701
2.148916163065701
2.148916163065701
2.148916163065701
2.148916163065701
2.3257484944833022
2.3257484944833022
2.3257484944833022
2.3257484944833022
2.3257484944833022
2.3257484944833022
2.3257484944833022
2.3257484944833022
2.3257484944833022
2.3257484944833022
2.3257484944833022
2.3257484944833022
2.3257484944833022
2.3257484944833022
2.3257484944833022
2.3257484944833022
2.3257484944833022
2.3257484944833022
2.3257484944833022
2.3257484944833022
2.3257484944833022
2.3257484944833022
2.3257484944833022
2.3257484944833022
2.3257484944833022
2.3257484944833022
2.3257484944833022
2.3257484944833022
2.3257484944833022
2.3257484944833022
2.3257484944833022
2.3257484944833022
2.3257484944833022
2.3257484944833022
2.3257484944833022
2.3257484944833022
2.3257484944833022
2.3257484944833022
2.3257484944833022
2.3257484944833022
2.3257484944833022
2.3257484944833022
2.3257484944833022
2.3257484944833022
2.3257484944833022
2.3257484944833022
2.3257484944833022
2.3257484944833022
2.3257484944833022
2.3257484944833022
2.3257484944833022
2.3257484944833022
2.3257484944833022
2.3257484944833022
2.3257484944833022
2.3257484944833022
2.3257484944833022
2.3257484944833022
2.3257484944833022
2.3257484944833022
2.3257484944833022
2.3257484944833022
2.3257484944833022
2.3257484944833022
2.3257484944833022
2.3257484944833022
2.3257484944833022
2.3257484944833022
2.3257484944833022
2.3257484944833022
2.3257484944833022
2.3257484944833022
2.3257484944833022
2.3257484944833022
2.3257484944833022
2.3257484944833022
2.3257484944833022
2.3257484944833022
2.3257484944833022
2.3257484944833022
2.3257484944833022
2.3257484944833022
2.3257484944833022
2.3257484944833022
2.3257484944833022
2.3257484944833022
2.3257484944833022
2.3257484944833022
2.3257484944833022
2.3257484944833022
2.3257484944833022
2.3257484944833022
2.3257484944833022
2.3257484944833022
2.3257484944833022
2.3257484944833022
2.3257484944833022
2.3257484944833022
2.3257484944833022
2.3257484944833022
2.3257484944833022
2.3257484944833022
2.3257484944833022
2.3257484944833022
2.3257484944833022
2.3257484944833022
2.3257484944833022
2.3257484944833022
2.3257484944833022
2.3257484944833022
2.3257484944833022
2.3257484944833022
2.3257484944833022
2.3257484944833022
2.3257484944833022
2.3257484944833022
2.3257484944833022
2.3257484944833022
2.3257484944833022
2.3257484944833022
2.440366787611487
2.440366787611487
2.440366787611487
2.440366787611487
2.440366787611487
2.440366787611487
2.440366787611487
2.440366787611487
2.440366787611487
2.440366787611487
2.440366787611487
2.440366787611487
2.440366787611487
2.440366787611487
2.440366787611487
2.440366787611487
2.440366787611487
2.440366787611487
2.440366787611487
2.440366787611487
2.440366787611487
2.440366787611487
2.440366787611487
2.440366787611487
2.440366787611487
2.440366787611487
2.4424979879132818
2.4424979879132818
2.4424979879132818
2.4424979879132818
2.4424979879132818
2.4424979879132818
2.4424979879132818
2.4424979879132818
2.4424979879132818
2.4424979879132818
2.4424979879132818
2.4424979879132818
2.4424979879132818
2.4424979879132818
2.4424979879132818
2.4424979879132818
2.4424979879132818
2.4424979879132818
2.4424979879132818
2.4424979879132818
2.4424979879132818
2.4424979879132818
2.4424979879132818
2.4424979879132818
2.4424979879132818
2.4424979879132818
2.4424979879132818
2.4424979879132818
2.4424979879132818
2.4424979879132818
2.4424979879132818
2.4424979879132818
2.4424979879132818
2.4424979879132818
2.4424979879132818
2.4424979879132818
2.6254527880815592
2.6254527880815592
2.6254527880815592
2.6254527880815592
2.6254527880815592
2.7629968799472016
2.7629968799472016
2.7629968799472016
2.7629968799472016
2.7629968799472016
2.7629968799472016
2.7629968799472016
2.8092532216327175
2.8092532216327175
2.8092532216327175
2.8092532216327175
2.8092532216327175
2.8092532216327175
2.8092532216327175
2.8092532216327175
2.8092532216327175
2.8092532216327175
2.8092532216327175
2.8092532216327175
2.8092532216327175
2.8092532216327175
2.8092532216327175
2.8092532216327175
2.8092532216327175
2.8092532216327175
2.8092532216327175
2.8092532216327175
2.8092532216327175
2.8092532216327175
2.8092532216327175
2.8092532216327175
2.8092532216327175
2.8092532216327175
2.8092532216327175
2.8092532216327175
2.8092532216327175
2.8092532216327175
2.8092532216327175
2.8092532216327175
2.8092532216327175
2.8092532216327175
2.8092532216327175
2.8092532216327175
2.8092532216327175
2.8092532216327175
2.8092532216327175
2.8092532216327175
2.8092532216327175
2.8092532216327175
2.8092532216327175
2.8092532216327175
2.8092532216327175
2.8092532216327175
2.8092532216327175
2.8092532216327175
3.00105845511173
3.00105845511173
3.00105845511173
3.00105845511173
3.00105845511173
3.00105845511173
3.00105845511173
3.00105845511173
3.00105845511173
3.00105845511173
3.00105845511173
3.00105845511173
3.00105845511173
3.00105845511173
3.00105845511173
3.00105845511173
3.00105845511173
3.00105845511173
3.00105845511173
3.00105845511173
3.00105845511173
3.00105845511173
3.058320249350776
3.058320249350776
3.058320249350776
3.058320249350776
3.058320249350776
3.058320249350776
3.058320249350776
3.058320249350776
3.058320249350776
3.058320249350776
3.058320249350776
3.058320249350776
3.058320249350776
3.058320249350776
3.058320249350776
3.058320249350776
3.058320249350776
3.058320249350776
3.0704045285537833
3.0704045285537833
3.0704045285537833
3.0704045285537833
3.0704045285537833
3.0704045285537833
3.0704045285537833
3.0704045285537833
3.0704045285537833
3.0704045285537833
3.0704045285537833
3.0704045285537833
3.0704045285537833
3.0704045285537833
3.0704045285537833
3.0704045285537833
3.0704045285537833
3.0704045285537833
3.0704045285537833
3.0704045285537833
3.0704045285537833
3.0704045285537833
3.0704045285537833
3.0704045285537833
3.0704045285537833
3.0704045285537833
3.0704045285537833
3.0704045285537833
3.0704045285537833
3.0704045285537833
3.0704045285537833
3.0704045285537833
3.0704045285537833
3.0704045285537833
3.0704045285537833
3.0704045285537833
3.0704045285537833
3.0704045285537833
3.3399005515779048
3.3399005515779048
3.3399005515779048
3.3399005515779048
3.3399005515779048
3.3399005515779048
3.3399005515779048
3.3399005515779048
3.347828859904903
3.347828859904903
3.347828859904903
3.347828859904903
3.347828859904903
3.347828859904903
3.347828859904903
3.347828859904903
3.347828859904903
3.347828859904903
3.347828859904903
3.347828859904903
3.347828859904903
3.347828859904903
3.347828859904903
3.347828859904903
3.347828859904903
3.347828859904903
3.347828859904903
3.347828859904903
3.347828859904903
3.347828859904903
3.347828859904903
3.347828859904903
3.347828859904903
3.347828859904903
3.347828859904903
3.347828859904903
3.347828859904903
3.347828859904903
3.347828859904903
3.347828859904903
3.347828859904903
3.347828859904903
3.347828859904903
3.347828859904903
3.347828859904903
3.347828859904903
3.347828859904903
3.347828859904903
3.347828859904903
3.347828859904903
3.347828859904903
3.347828859904903
3.347828859904903
3.347828859904903
3.347828859904903
3.347828859904903
3.347828859904903
3.347828859904903
3.347828859904903
3.347828859904903
3.347828859904903
3.347828859904903
3.347828859904903
3.347828859904903
3.347828859904903
3.347828859904903
3.347828859904903
3.347828859904903
3.347828859904903
3.347828859904903
3.347828859904903
3.347828859904903
3.347828859904903
3.347828859904903
3.347828859904903
3.347828859904903
3.347828859904903
3.347828859904903
3.347828859904903
3.347828859904903
3.347828859904903
3.347828859904903
3.347828859904903
3.347828859904903
3.347828859904903
3.347828859904903
3.347828859904903
3.347828859904903
3.347828859904903
3.347828859904903
3.347828859904903
3.347828859904903
3.347828859904903
3.347828859904903
3.347828859904903
3.347828859904903
3.347828859904903
3.347828859904903
3.347828859904903
3.347828859904903
3.347828859904903
3.347828859904903
3.347828859904903
3.347828859904903
3.347828859904903
3.347828859904903
3.347828859904903
3.347828859904903
3.347828859904903
3.347828859904903
3.347828859904903
