0.5100359971958858
0.5100359971958858
0.5100359971958858
0.5100359971958858
0.5100359971958858
0.5100359971958858
0.5100359971958858
0.5100359971958858
0.5600626396272018
0.5600626396272018
0.5600626396272018
0.5600626396272018
1.149902697057035
1.2427796594565355
1.2427796594565355
1.2427796594565355
1.2427796594565355
1.2427796594565355
1.2427796594565355
1.3555985218933062
1.3555985218933062
1.3555985218933062
1.3555985218933062
1.3555985218933062
1.3555985218933062
1.3555985218933062
1.3922388001271189
1.4758875766767972
1.5650630854867857
1.5650630854867857
1.5650630854867857
2.1494563931572155
2.1494563931572155
2.1494563931572155
2.1494563931572155
2.1494563931572155
2.1494563931572155
2.1494563931572155
2.1494563931572155
2.1494563931572155
2.1494563931572155
2.1494563931572155
2.1494563931572155
2.1494563931572155
2.1494563931572155
2.1494563931572155
2.1494563931572155
2.1494563931572155
2.1494563931572155
2.1494563931572155
2.1494563931572155
2.1494563931572155
2.1494563931572155
2.1494563931572155
2.1494563931572155
2.1494563931572155
2.1494563931572155
2.1494563931572155
2.1494563931572155
2.1494563931572155
2.1494563931572155
2.1494563931572155
2.1494563931572155
2.1494563931572155
2.1494563931572155
2.1494563931572155
2.1494563931572155
2.1494563931572155
2.1494563931572155
2.1494563931572155
2.1494563931572155
2.1494563931572155
2.1494563931572155
2.1494563931572155
2.1494563931572155
2.1494563931572155
2.1494563931572155
2.1494563931572155
2.1494563931572155
2.1494563931572155
2.1494563931572155
2.1494563931572155
2.1494563931572155
2.1494563931572155
2.1494563931572155
2.1494563931572155
2.1494563931572155
2.1494563931572155
2.1494563931572155
2.1494563931572155
2.1494563931572155
2.1494563931572155
2.1494563931572155
2.1494563931572155
2.1494563931572155
2.1494563931572155
2.1494563931572155
2.1494563931572155
2.1494563931572155
2.1494563931572155
2.1494563931572155
2.1494563931572155
2.1494563931572155
2.1494563931572155
2.1494563931572155
2.1494563931572155
2.1494563931572155
2.1494563931572155
2.1494563931572155
2.1494563931572155
2.1494563931572155
2.1494563931572155
2.1494563931572155
2.173756394569987
2.173756394569987
2.173756394569987
2.173756394569987
2.173756394569987
2.173756394569987
2.173756394569987
2.173756394569987
2.173756394569987
2.173756394569987
2.173756394569987
2.173756394569987
2.173756394569987
2.173756394569987
2.173756394569987
2.173756394569987
2.173756394569987
2.173756394569987
2.173756394569987
2.173756394569987
2.173756394569987
2.173756394569987
2.173756394569987
2.173756394569987
2.173756394569987
2.2935397658524552
2.2935397658524552
2.2935397658524552
2.2935397658524552
2.4554456038913597
2.4554456038913597
2.4554456038913597
2.4554456038913597
2.4554456038913597
2.4554456038913597
2.4554456038913597
2.4554456038913597
2.4554456038913597
2.4554456038913597
2.4554456038913597
2.4554456038913597
2.4554456038913597
2.4554456038913597
2.4554456038913597
2.4554456038913597
2.4554456038913597
2.4554456038913597
2.4554456038913597
2.4554456038913597
2.4554456038913597
2.4554456038913597
2.4554456038913597
2.4554456038913597
2.4554456038913597
2.4554456038913597
2.4554456038913597
2.6070631539456133
2.6070631539456133
2.6070631539456133
2.6070631539456133
2.6070631539456133
2.6070631539456133
2.6070631539456133
2.6070631539456133
2.6070631539456133
2.6070631539456133
2.6070631539456133
2.6070631539456133
2.6070631539456133
2.758068022613718
2.758068022613718
2.758068022613718
2.758068022613718
2.758068022613718
2.758068022613718
2.758068022613718
2.758068022613718
2.758068022613718
2.758068022613718
2.758068022613718
2.758068022613718
2.758068022613718
2.758068022613718
2.758068022613718
2.758068022613718
2.758068022613718
2.758068022613718
2.758068022613718
2.758068022613718
2.758068022613718
2.758068022613718
2.758068022613718
2.758068022613718
2.758068022613718
2.758068022613718
2.758068022613718
2.758068022613718
2.8284663918526616
2.8284663918526616
2.8284663918526616
2.8284663918526616
2.8284663918526616
2.8284663918526616
2.8284663918526616
2.8284663918526616
2.8284663918526616
2.8284663918526616
2.8284663918526616
2.8284663918526616
2.8284663918526616
2.8284663918526616
2.8284663918526616
2.8284663918526616
2.8284663918526616
2.8284663918526616
2.8284663918526616
2.8284663918526616
2.8284663918526616
2.8284663918526616
2.8284663918526616
2.8284663918526616
2.8284663918526616
2.8284663918526616
2.8284663918526616
2.8284663918526616
2.8284663918526616
2.8284663918526616
2.8284663918526616
2.8284663918526616
2.8284663918526616
2.8284663918526616
2.8284663918526616
2.8284663918526616
2.8284663918526616
2.8284663918526616
2.8284663918526616
2.8284663918526616
2.8284663918526616
2.8284663918526616
2.8284663918526616
2.8284663918526616
2.8284663918526616
2.8284663918526616
2.8284663918526616
2.8284663918526616
2.8284663918526616
2.8284663918526616
2.8284663918526616
2.8284663918526616
2.8284663918526616
2.8284663918526616
2.8284663918526616
2.8284663918526616
2.8284663918526616
2.8284663918526616
2.8284663918526616
2.8284663918526616
2.8284663918526616
2.8284663918526616
2.8284663918526616
2.8284663918526616
2.8284663918526616
2.8284663918526616
2.8284663918526616
2.8284663918526616
2.8284663918526616
2.8284663918526616
2.8284663918526616
2.8284663918526616
2.8284663918526616
2.8284663918526616
2.8284663918526616
2.8284663918526616
2.8284663918526616
2.8284663918526616
2.8284663918526616
2.8284663918526616
2.8284663918526616
2.8284663918526616
2.8284663918526616
2.8284663918526616
2.8284663918526616
2.8284663918526616
2.8284663918526616
2.8284663918526616
2.8284663918526616
2.8284663918526616
2.8284663918526616
2.8284663918526616
2.8284663918526616
2.8284663918526616
2.8284663918526616
2.8284663918526616
2.8284663918526616
2.8284663918526616
2.8284663918526616
2.8284663918526616
2.8284663918526616
2.8284663918526616
2.8284663918526616
2.8284663918526616
2.8284663918526616
2.8284663918526616
2.8284663918526616
2.8284663918526616
2.8284663918526616
2.8284663918526616
2.8284663918526616
2.8284663918526616
2.8284663918526616
2.8284663918526616
2.8284663918526616
2.8284663918526616
2.8284663918526616
2.8284663918526616
2.8284663918526616
2.8284663918526616
2.8284663918526616
2.8284663918526616
2.8284663918526616
2.8284663918526616
2.8284663918526616
2.8284663918526616
2.8284663918526616
2.8284663918526616
2.890749502958759
2.890749502958759
2.890749502958759
2.890749502958759
2.890749502958759
2.890749502958759
2.890749502958759
2.890749502958759
2.890749502958759
2.890749502958759
2.890749502958759
2.890749502958759
2.890749502958759
2.890749502958759
2.890749502958759
2.890749502958759
2.890749502958759
2.890749502958759
2.890749502958759
2.890749502958759
2.890749502958759
2.890749502958759
2.890749502958759
2.890749502958759
2.890749502958759
2.890749502958759
2.890749502958759
2.890749502958759
2.890749502958759
2.890749502958759
2.890749502958759
2.890749502958759
2.890749502958759
2.890749502958759
2.890749502958759
2.890749502958759
2.890749502958759
2.890749502958759
2.890749502958759
2.890749502958759
2.890749502958759
2.890749502958759
2.890749502958759
2.890749502958759
2.890749502958759
2.890749502958759
2.890749502958759
2.890749502958759
2.890749502958759
2.890749502958759
2.890749502958759
2.890749502958759
2.890749502958759
2.890749502958759
2.890749502958759
2.890749502958759
2.890749502958759
2.890749502958759
2.890749502958759
2.890749502958759
2.890749502958759
2.890749502958759
2.890749502958759
2.890749502958759
2.890749502958759
2.890749502958759
2.890749502958759
2.890749502958759
2.890749502958759
2.890749502958759
2.890749502958759
2.890749502958759
2.890749502958759
2.890749502958759
2.890749502958759
2.890749502958759
2.890749502958759
2.890749502958759
2.890749502958759
2.890749502958759
2.890749502958759
2.890749502958759
2.890749502958759
2.890749502958759
2.890749502958759
2.890749502958759
2.890749502958759
2.890749502958759
2.890749502958759
2.890749502958759
2.890749502958759
2.890749502958759
2.890749502958759
2.890749502958759
2.890749502958759
2.890749502958759
2.890749502958759
2.890749502958759
2.890749502958759
2.890749502958759
2.890749502958759
2.890749502958759
2.890749502958759
2.890749502958759
2.890749502958759
2.890749502958759
2.890749502958759
2.890749502958759
2.890749502958759
2.890749502958759
2.890749502958759
2.890749502958759
2.890749502958759
2.890749502958759
2.890749502958759
2.890749502958759
2.890749502958759
2.890749502958759
2.890749502958759
2.890749502958759
2.890749502958759
2.890749502958759
2.890749502958759
2.890749502958759
2.890749502958759
2.890749502958759
2.890749502958759
2.890749502958759
2.890749502958759
2.890749502958759
2.890749502958759
2.890749502958759
2.890749502958759
2.890749502958759
2.890749502958759
2.890749502958759
2.890749502958759
2.890749502958759
2.890749502958759
2.890749502958759
2.890749502958759
2.890749502958759
2.890749502958759
2.890749502958759
2.890749502958759
2.890749502958759
2.890749502958759
2.890749502958759
2.890749502958759
2.890749502958759
2.890749502958759
2.890749502958759
2.890749502958759
2.890749502958759
2.890749502958759
2.890749502958759
2.890749502958759
2.890749502958759
2.890749502958759
2.890749502958759
2.890749502958759
2.890749502958759
