-0.06857475044773582
0.42582337055235386
0.42582337055235386
0.7893342037257982
1.2152175593713137
1.2152175593713137
1.2152175593713137
1.2152175593713137
1.2152175593713137
1.2152175593713137
1.2152175593713137
1.2188468501532737
1.2188468501532737
1.2188468501532737
1.2188468501532737
1.2188468501532737
1.2188468501532737
1.4028651994413266
1.4028651994413266
1.4028651994413266
1.4028651994413266
1.4028651994413266
1.4028651994413266
1.4028651994413266
1.4028651994413266
1.4028651994413266
1.4028651994413266
1.4028651994413266
1.4028651994413266
1.4028651994413266
1.4028651994413266
1.5495057639027678
1.5495057639027678
1.5495057639027678
1.5495057639027678
1.5495057639027678
1.560055757465869
1.560055757465869
1.6257039983898647
1.6257039983898647
1.6257039983898647
1.6257039983898647
1.6257039983898647
1.6295630792462483
1.6295630792462483
1.6295630792462483
1.6295630792462483
1.6295630792462483
1.6295630792462483
1.6295630792462483
1.6295630792462483
1.6295630792462483
1.6599767746071505
1.6599767746071505
1.6599767746071505
1.6599767746071505
1.6599767746071505
1.6599767746071505
1.663050701730927
1.663050701730927
1.6893148940474896
1.6893148940474896
1.9519895628929669
1.9519895628929669
1.9519895628929669
1.9519895628929669
1.9519895628929669
1.9519895628929669
1.9519895628929669
1.9519895628929669
1.9519895628929669
1.9519895628929669
1.9519895628929669
1.9519895628929669
1.9519895628929669
1.9519895628929669
1.9519895628929669
1.9519895628929669
1.9519895628929669
1.9519895628929669
1.9519895628929669
1.9519895628929669
1.9519895628929669
1.9519895628929669
1.9519895628929669
1.9519895628929669
1.9519895628929669
1.9519895628929669
2.051907171420367
2.051907171420367
2.1948711200723285
2.1948711200723285
2.1948711200723285
2.1948711200723285
2.1948711200723285
2.1948711200723285
2.1948711200723285
2.1948711200723285
2.1948711200723285
2.1948711200723285
2.1948711200723285
2.1948711200723285
2.1948711200723285
2.1948711200723285
2.1948711200723285
2.1948711200723285
2.1948711200723285
2.1948711200723285
2.1948711200723285
2.1948711200723285
2.1948711200723285
2.1948711200723285
2.1948711200723285
2.1948711200723285
2.1948711200723285
2.1948711200723285
2.1948711200723285
2.1948711200723285
2.1948711200723285
2.1948711200723285
2.1948711200723285
2.1948711200723285
2.1948711200723285
2.1948711200723285
2.1948711200723285
2.1948711200723285
2.1948711200723285
2.1948711200723285
2.1948711200723285
2.1948711200723285
2.1948711200723285
2.1948711200723285
2.1948711200723285
2.1948711200723285
2.1948711200723285
2.1948711200723285
2.1948711200723285
2.1948711200723285
2.1948711200723285
2.1948711200723285
2.1948711200723285
2.1948711200723285
2.1948711200723285
2.1948711200723285
2.1948711200723285
2.1948711200723285
2.1948711200723285
2.1948711200723285
2.1948711200723285
2.1948711200723285
2.1948711200723285
2.1948711200723285
2.1948711200723285
2.1948711200723285
2.1948711200723285
2.1948711200723285
2.1948711200723285
2.1948711200723285
2.1948711200723285
2.1948711200723285
2.1948711200723285
2.1948711200723285
2.1948711200723285
2.1948711200723285
2.1948711200723285
2.1948711200723285
2.1948711200723285
2.1948711200723285
2.1948711200723285
2.1948711200723285
2.1948711200723285
2.1948711200723285
2.1948711200723285
2.1948711200723285
2.1948711200723285
2.1948711200723285
2.1948711200723285
2.1948711200723285
2.1948711200723285
2.1948711200723285
2.1948711200723285
2.1948711200723285
2.1948711200723285
2.1948711200723285
2.1948711200723285
2.1948711200723285
2.1948711200723285
2.1948711200723285
2.1948711200723285
2.1948711200723285
2.1948711200723285
2.1948711200723285
2.1948711200723285
2.1948711200723285
2.1948711200723285
2.1948711200723285
2.1948711200723285
2.1948711200723285
2.1948711200723285
2.1948711200723285
2.1948711200723285
2.1948711200723285
2.1948711200723285
2.1948711200723285
2.1948711200723285
2.1948711200723285
2.1948711200723285
2.1948711200723285
2.1948711200723285
2.1948711200723285
2.1948711200723285
2.1948711200723285
2.1948711200723285
2.1948711200723285
2.1948711200723285
2.1948711200723285
2.1948711200723285
2.1948711200723285
2.1948711200723285
2.1948711200723285
2.1948711200723285
2.1948711200723285
2.1948711200723285
2.1948711200723285
2.1948711200723285
2.1948711200723285
2.1948711200723285
2.1948711200723285
2.1948711200723285
2.1948711200723285
2.1948711200723285
2.1948711200723285
2.1948711200723285
2.1948711200723285
2.1948711200723285
2.1948711200723285
2.1948711200723285
2.1948711200723285
2.1948711200723285
2.466713809308919
2.466713809308919
2.466713809308919
2.466713809308919
2.466713809308919
2.466713809308919
2.466713809308919
2.466713809308919
2.466713809308919
2.466713809308919
2.466713809308919
2.466713809308919
2.466713809308919
2.466713809308919
2.466713809308919
2.466713809308919
2.466713809308919
2.466713809308919
2.466713809308919
2.466713809308919
2.466713809308919
2.466713809308919
2.466713809308919
2.466713809308919
2.466713809308919
2.466713809308919
2.466713809308919
2.466713809308919
2.466713809308919
2.466713809308919
2.466713809308919
2.466713809308919
2.466713809308919
2.466713809308919
2.466713809308919
2.466713809308919
2.466713809308919
2.466713809308919
2.466713809308919
2.466713809308919
2.466713809308919
2.466713809308919
2.466713809308919
2.466713809308919
2.466713809308919
2.466713809308919
2.466713809308919
2.466713809308919
2.466713809308919
2.466713809308919
2.466713809308919
2.466713809308919
2.466713809308919
2.466713809308919
2.466713809308919
2.466713809308919
2.466713809308919
2.466713809308919
2.466713809308919
2.466713809308919
2.466713809308919
2.466713809308919
2.466713809308919
2.466713809308919
2.466713809308919
2.466713809308919
2.466713809308919
2.466713809308919
2.466713809308919
2.466713809308919
2.466713809308919
2.466713809308919
2.466713809308919
2.466713809308919
2.466713809308919
2.466713809308919
2.466713809308919
2.466713809308919
2.466713809308919
2.466713809308919
2.466713809308919
2.466713809308919
2.466713809308919
2.466713809308919
2.466713809308919
2.466713809308919
2.466713809308919
2.466713809308919
2.466713809308919
2.466713809308919
2.466713809308919
2.466713809308919
2.466713809308919
2.466713809308919
2.466713809308919
2.466713809308919
2.466713809308919
2.6264613695066066
2.6264613695066066
2.6264613695066066
2.6264613695066066
2.6264613695066066
2.6264613695066066
2.6264613695066066
2.6264613695066066
2.6264613695066066
2.6264613695066066
2.6264613695066066
2.6264613695066066
2.6264613695066066
2.6264613695066066
2.6264613695066066
2.6264613695066066
2.6264613695066066
2.6264613695066066
2.6264613695066066
2.6264613695066066
2.6264613695066066
2.6264613695066066
2.6264613695066066
2.6264613695066066
2.6264613695066066
2.6264613695066066
2.6264613695066066
2.6264613695066066
2.6264613695066066
2.6264613695066066
2.6264613695066066
2.6264613695066066
2.6264613695066066
2.6264613695066066
2.6264613695066066
2.6264613695066066
2.6264613695066066
2.6264613695066066
2.6264613695066066
2.6264613695066066
2.6264613695066066
2.6264613695066066
2.6264613695066066
2.6264613695066066
2.6264613695066066
2.6264613695066066
2.6264613695066066
2.6264613695066066
2.6264613695066066
2.6264613695066066
2.6264613695066066
2.6264613695066066
2.6264613695066066
2.6264613695066066
2.6264613695066066
2.6264613695066066
2.6264613695066066
2.6264613695066066
2.6264613695066066
2.6264613695066066
2.6264613695066066
2.6264613695066066
2.6264613695066066
2.6264613695066066
2.6264613695066066
2.6264613695066066
2.6264613695066066
2.6264613695066066
2.6264613695066066
2.6264613695066066
2.6264613695066066
2.6264613695066066
2.6264613695066066
2.6264613695066066
2.6264613695066066
2.6264613695066066
2.6264613695066066
2.6264613695066066
2.6264613695066066
2.6264613695066066
2.6264613695066066
2.6264613695066066
2.6264613695066066
2.6264613695066066
2.6264613695066066
2.6264613695066066
2.6264613695066066
2.6264613695066066
2.6264613695066066
2.6264613695066066
2.6264613695066066
2.6264613695066066
2.6264613695066066
2.6264613695066066
2.6264613695066066
2.6264613695066066
2.6264613695066066
2.6264613695066066
2.6264613695066066
2.6264613695066066
2.6264613695066066
2.6264613695066066
2.6264613695066066
2.6264613695066066
2.6264613695066066
2.6264613695066066
2.6264613695066066
2.6264613695066066
2.6264613695066066
2.6264613695066066
2.6264613695066066
2.6264613695066066
2.6264613695066066
2.6264613695066066
2.6264613695066066
2.6264613695066066
2.6264613695066066
2.6264613695066066
2.6264613695066066
2.6264613695066066
2.6264613695066066
2.6264613695066066
2.6264613695066066
2.6264613695066066
2.6264613695066066
2.6264613695066066
2.6264613695066066
2.6264613695066066
2.6264613695066066
2.6264613695066066
2.6264613695066066
2.6264613695066066
2.6264613695066066
2.6264613695066066
2.6264613695066066
2.6264613695066066
2.6264613695066066
2.6264613695066066
2.6264613695066066
2.6264613695066066
2.6264613695066066
2.6264613695066066
2.6264613695066066
2.6264613695066066
2.6264613695066066
2.6264613695066066
2.6264613695066066
2.6264613695066066
2.6264613695066066
2.6264613695066066
2.6264613695066066
2.6264613695066066
2.6264613695066066
2.6264613695066066
2.6264613695066066
2.6264613695066066
2.6264613695066066
2.6264613695066066
2.6264613695066066
2.6264613695066066
2.6264613695066066
2.6264613695066066
2.6264613695066066
2.6264613695066066
