1.2897509424818918
1.2897509424818918
1.2897509424818918
1.2897509424818918
0.01819832062819674
0.35223998330050504
0.019889914521647994
0.019889914521647994
0.13431105365324492
0.49503246194043116
0.49503246194043116
1.2016660837504407
1.2016660837504407
1.2016660837504407
1.2016660837504407
1.2016660837504407
1.2016660837504407
1.2016660837504407
1.2273396405533823
1.2273396405533823
1.2273396405533823
1.2273396405533823
1.2273396405533823
1.2273396405533823
1.2273396405533823
1.2273396405533823
1.2273396405533823
1.2273396405533823
1.2273396405533823
1.2273396405533823
1.2273396405533823
1.2273396405533823
1.2273396405533823
1.2273396405533823
1.2273396405533823
1.2273396405533823
1.2273396405533823
1.2273396405533823
1.2273396405533823
1.2273396405533823
1.2273396405533823
1.2630278523277896
1.2630278523277896
1.2630278523277896
1.2630278523277896
1.2630278523277896
1.2630278523277896
1.2630278523277896
1.2630278523277896
1.2630278523277896
1.2630278523277896
1.2630278523277896
1.2630278523277896
1.5036039625561466
1.5036039625561466
1.5036039625561466
1.5036039625561466
1.8885505646460654
1.8885505646460654
1.8885505646460654
1.8885505646460654
1.8885505646460654
1.8885505646460654
1.8885505646460654
1.8885505646460654
1.8885505646460654
1.8885505646460654
1.8885505646460654
1.8885505646460654
1.8885505646460654
1.8885505646460654
1.8885505646460654
1.8885505646460654
1.8885505646460654
1.8885505646460654
1.8885505646460654
1.8885505646460654
1.8885505646460654
1.8885505646460654
1.8885505646460654
1.8885505646460654
1.8885505646460654
1.8885505646460654
1.8885505646460654
1.8885505646460654
1.8885505646460654
1.8885505646460654
1.8885505646460654
1.8885505646460654
1.8885505646460654
1.8885505646460654
1.8885505646460654
1.8885505646460654
1.8885505646460654
1.8885505646460654
1.8885505646460654
1.8885505646460654
1.8885505646460654
1.8885505646460654
1.8885505646460654
1.8885505646460654
1.8885505646460654
1.8885505646460654
1.8885505646460654
1.8885505646460654
1.8885505646460654
1.8885505646460654
1.8885505646460654
1.8885505646460654
1.8885505646460654
1.8885505646460654
1.8885505646460654
1.8885505646460654
1.8885505646460654
1.8885505646460654
1.8885505646460654
1.8885505646460654
1.8885505646460654
1.8885505646460654
1.8885505646460654
1.8885505646460654
1.8885505646460654
1.8885505646460654
1.8885505646460654
1.8885505646460654
1.8885505646460654
1.8885505646460654
1.8885505646460654
1.8885505646460654
1.8885505646460654
1.8885505646460654
1.8885505646460654
1.8885505646460654
1.8885505646460654
1.8885505646460654
1.8885505646460654
1.8885505646460654
1.8885505646460654
1.8885505646460654
1.8885505646460654
1.8885505646460654
1.8885505646460654
1.8885505646460654
1.8885505646460654
1.8885505646460654
1.8885505646460654
1.8885505646460654
1.8885505646460654
1.8885505646460654
1.8885505646460654
1.8885505646460654
1.8885505646460654
1.8885505646460654
1.8885505646460654
1.8885505646460654
1.8885505646460654
1.8885505646460654
1.8885505646460654
1.8885505646460654
1.8885505646460654
1.8885505646460654
1.8885505646460654
1.8885505646460654
1.8885505646460654
1.8885505646460654
1.8885505646460654
1.8885505646460654
1.8885505646460654
1.8885505646460654
1.8885505646460654
1.8885505646460654
1.8885505646460654
1.8885505646460654
1.8885505646460654
1.8885505646460654
1.8885505646460654
1.8885505646460654
1.8885505646460654
1.8885505646460654
1.8885505646460654
1.8885505646460654
1.8885505646460654
1.8885505646460654
1.8885505646460654
1.8885505646460654
1.8885505646460654
1.8885505646460654
1.8885505646460654
1.8885505646460654
1.8885505646460654
1.8885505646460654
1.8885505646460654
1.8885505646460654
1.8885505646460654
1.8885505646460654
1.8885505646460654
1.8885505646460654
1.8885505646460654
1.8885505646460654
1.8885505646460654
1.8885505646460654
1.8885505646460654
1.8885505646460654
1.8885505646460654
1.8885505646460654
1.8885505646460654
1.8885505646460654
1.8885505646460654
1.8885505646460654
1.8885505646460654
1.8885505646460654
1.8885505646460654
1.8885505646460654
1.8885505646460654
1.8885505646460654
1.8885505646460654
1.8885505646460654
1.8885505646460654
1.8885505646460654
1.8885505646460654
1.8885505646460654
1.8885505646460654
1.8885505646460654
1.8885505646460654
1.8885505646460654
1.8885505646460654
1.8885505646460654
1.8885505646460654
1.8885505646460654
1.8885505646460654
1.8885505646460654
1.8885505646460654
1.8885505646460654
1.8885505646460654
1.8885505646460654
1.8885505646460654
1.8885505646460654
1.8885505646460654
1.8885505646460654
1.8885505646460654
1.8885505646460654
1.8885505646460654
1.8885505646460654
1.8885505646460654
1.8885505646460654
1.8885505646460654
1.8885505646460654
1.8885505646460654
1.8885505646460654
1.8885505646460654
1.8885505646460654
1.8885505646460654
1.8885505646460654
1.8885505646460654
1.8885505646460654
1.8885505646460654
1.8885505646460654
1.8885505646460654
1.8885505646460654
1.8885505646460654
1.8885505646460654
1.8885505646460654
1.8885505646460654
1.8885505646460654
1.8885505646460654
1.8885505646460654
1.8885505646460654
1.8885505646460654
1.8885505646460654
1.8885505646460654
1.8885505646460654
1.8885505646460654
1.8885505646460654
1.8885505646460654
1.8885505646460654
1.8885505646460654
1.8885505646460654
1.8885505646460654
1.8885505646460654
1.8885505646460654
1.8885505646460654
1.8885505646460654
1.8885505646460654
1.8885505646460654
1.8885505646460654
1.8885505646460654
1.8885505646460654
1.8885505646460654
1.8885505646460654
1.8885505646460654
1.8885505646460654
1.8885505646460654
1.8885505646460654
1.8885505646460654
1.8885505646460654
1.8885505646460654
1.8885505646460654
1.8885505646460654
1.8885505646460654
1.8885505646460654
1.8885505646460654
1.8885505646460654
1.8885505646460654
1.8885505646460654
1.8885505646460654
1.8885505646460654
1.8885505646460654
1.8885505646460654
1.8885505646460654
1.8885505646460654
1.8885505646460654
1.8885505646460654
1.8885505646460654
1.8885505646460654
1.8885505646460654
1.8885505646460654
1.8885505646460654
1.8885505646460654
1.8885505646460654
1.8885505646460654
2.0262894429584914
2.0262894429584914
2.0262894429584914
2.0262894429584914
2.0262894429584914
2.0262894429584914
2.0262894429584914
2.0262894429584914
2.0262894429584914
2.0262894429584914
2.0262894429584914
2.0262894429584914
2.0262894429584914
2.0262894429584914
2.0262894429584914
2.0262894429584914
2.0262894429584914
2.0262894429584914
2.0262894429584914
2.0262894429584914
2.0262894429584914
2.0262894429584914
2.0262894429584914
2.0262894429584914
2.0262894429584914
2.0262894429584914
2.0262894429584914
2.0262894429584914
2.0262894429584914
2.0262894429584914
2.0262894429584914
2.0262894429584914
2.0262894429584914
2.0262894429584914
2.0262894429584914
2.0262894429584914
2.0262894429584914
2.0262894429584914
2.0262894429584914
2.0262894429584914
2.0262894429584914
2.0262894429584914
2.0262894429584914
2.0262894429584914
2.0262894429584914
2.0262894429584914
2.0262894429584914
2.0262894429584914
2.0262894429584914
2.0262894429584914
2.0262894429584914
2.0262894429584914
2.0262894429584914
2.0262894429584914
2.0262894429584914
2.0262894429584914
2.0262894429584914
2.0262894429584914
2.0262894429584914
2.0262894429584914
2.0262894429584914
2.0262894429584914
2.0262894429584914
2.0262894429584914
2.0262894429584914
2.0262894429584914
2.0262894429584914
2.0262894429584914
2.0262894429584914
2.0262894429584914
2.0262894429584914
2.0262894429584914
2.0262894429584914
2.0262894429584914
2.0262894429584914
2.0262894429584914
2.0262894429584914
2.0262894429584914
2.0262894429584914
2.0262894429584914
2.0262894429584914
2.0262894429584914
2.0262894429584914
2.0262894429584914
2.0262894429584914
2.0262894429584914
2.0262894429584914
2.0262894429584914
2.0262894429584914
2.0262894429584914
2.0262894429584914
2.0262894429584914
2.0262894429584914
2.0262894429584914
2.0262894429584914
2.0262894429584914
2.0262894429584914
2.0262894429584914
2.0262894429584914
2.0262894429584914
2.0262894429584914
2.0262894429584914
2.0262894429584914
2.0262894429584914
2.0262894429584914
2.0262894429584914
2.0262894429584914
2.0262894429584914
2.0262894429584914
2.0262894429584914
2.0262894429584914
2.0262894429584914
2.0262894429584914
2.0262894429584914
2.0262894429584914
2.0262894429584914
2.0262894429584914
2.0262894429584914
2.0262894429584914
2.0262894429584914
2.0262894429584914
2.0262894429584914
2.0262894429584914
2.0262894429584914
2.0262894429584914
2.0262894429584914
2.0262894429584914
2.0262894429584914
2.0262894429584914
2.0262894429584914
2.0262894429584914
2.0262894429584914
2.0262894429584914
2.0262894429584914
2.0262894429584914
2.0262894429584914
2.0262894429584914
2.0262894429584914
2.0262894429584914
2.0262894429584914
2.0262894429584914
2.0262894429584914
2.0262894429584914
2.0262894429584914
2.0262894429584914
2.0262894429584914
2.0262894429584914
2.0262894429584914
2.0262894429584914
2.0262894429584914
2.0262894429584914
2.0262894429584914
2.0262894429584914
2.0262894429584914
2.0262894429584914
2.0262894429584914
2.0262894429584914
2.0262894429584914
2.0262894429584914
2.0262894429584914
2.0262894429584914
2.0262894429584914
2.0262894429584914
2.0262894429584914
2.0262894429584914
2.0262894429584914
2.0262894429584914
2.0262894429584914
2.0262894429584914
2.0262894429584914
2.0262894429584914
2.0262894429584914
2.0262894429584914
2.0262894429584914
2.0262894429584914
2.0262894429584914
2.0262894429584914
2.0262894429584914
2.0262894429584914
2.0262894429584914
