1.205466820471757
1.205466820471757
1.205466820471757
1.205466820471757
1.205466820471757
1.205466820471757
1.205466820471757
1.205466820471757
1.801809379969305
1.801809379969305
1.801809379969305
1.801809379969305
2.470998877537898
2.470998877537898
2.470998877537898
2.470998877537898
2.470998877537898
2.470998877537898
2.470998877537898
2.470998877537898
2.470998877537898
2.470998877537898
2.470998877537898
2.470998877537898
2.470998877537898
2.470998877537898
2.470998877537898
2.470998877537898
2.470998877537898
2.470998877537898
2.470998877537898
2.470998877537898
2.470998877537898
2.470998877537898
2.470998877537898
2.470998877537898
2.470998877537898
2.470998877537898
2.470998877537898
2.470998877537898
2.470998877537898
2.470998877537898
2.470998877537898
2.470998877537898
2.470998877537898
2.470998877537898
2.470998877537898
2.470998877537898
2.470998877537898
2.470998877537898
2.470998877537898
2.470998877537898
2.470998877537898
2.470998877537898
2.470998877537898
2.470998877537898
2.470998877537898
2.470998877537898
2.470998877537898
2.470998877537898
2.470998877537898
2.470998877537898
2.470998877537898
2.470998877537898
2.470998877537898
2.470998877537898
2.470998877537898
2.470998877537898
2.470998877537898
2.470998877537898
2.470998877537898
2.470998877537898
2.470998877537898
2.470998877537898
2.4842908794188854
2.4842908794188854
2.4842908794188854
2.4842908794188854
2.4842908794188854
2.620986550779441
2.620986550779441
2.620986550779441
2.620986550779441
2.620986550779441
2.620986550779441
2.620986550779441
2.620986550779441
2.620986550779441
2.620986550779441
2.620986550779441
2.620986550779441
2.620986550779441
2.620986550779441
2.620986550779441
2.620986550779441
2.620986550779441
2.620986550779441
2.620986550779441
2.620986550779441
2.620986550779441
2.620986550779441
2.620986550779441
2.620986550779441
2.620986550779441
2.620986550779441
2.620986550779441
2.620986550779441
2.620986550779441
2.620986550779441
2.620986550779441
2.6977798579926007
2.6977798579926007
2.6977798579926007
2.6977798579926007
2.6977798579926007
2.6977798579926007
2.6977798579926007
2.6977798579926007
2.6977798579926007
2.6977798579926007
2.6977798579926007
2.6977798579926007
2.6977798579926007
2.6977798579926007
2.6977798579926007
2.6977798579926007
2.6977798579926007
2.6977798579926007
2.6977798579926007
2.6977798579926007
2.6977798579926007
2.6977798579926007
2.6977798579926007
2.6977798579926007
2.6977798579926007
2.6977798579926007
2.6977798579926007
2.6977798579926007
2.6977798579926007
2.6977798579926007
2.7388515487503984
2.7388515487503984
2.886799511971149
2.886799511971149
2.886799511971149
2.886799511971149
2.886799511971149
2.886799511971149
2.886799511971149
2.886799511971149
2.886799511971149
2.886799511971149
2.886799511971149
2.886799511971149
2.886799511971149
2.886799511971149
2.886799511971149
2.886799511971149
2.886799511971149
2.886799511971149
2.886799511971149
2.886799511971149
2.886799511971149
2.886799511971149
2.886799511971149
2.886799511971149
2.886799511971149
2.886799511971149
2.886799511971149
2.886799511971149
2.886799511971149
2.886799511971149
2.886799511971149
2.886799511971149
2.886799511971149
2.886799511971149
2.886799511971149
2.9551132762339902
2.9551132762339902
3.0496371614209656
3.0496371614209656
3.0496371614209656
3.0496371614209656
3.0496371614209656
3.0496371614209656
3.0496371614209656
3.0496371614209656
3.0496371614209656
3.0496371614209656
3.0496371614209656
3.0496371614209656
3.0496371614209656
3.0496371614209656
3.0496371614209656
3.0496371614209656
3.0496371614209656
3.0496371614209656
3.0496371614209656
3.0496371614209656
3.0496371614209656
3.0496371614209656
3.0496371614209656
3.0496371614209656
3.0496371614209656
3.0496371614209656
3.0496371614209656
3.0496371614209656
3.0496371614209656
3.0496371614209656
3.0496371614209656
3.0496371614209656
3.0496371614209656
3.0496371614209656
3.0496371614209656
3.0496371614209656
3.0496371614209656
3.0496371614209656
3.0496371614209656
3.0496371614209656
3.0496371614209656
3.0496371614209656
3.0496371614209656
3.0496371614209656
3.0496371614209656
3.0496371614209656
3.0496371614209656
3.0496371614209656
3.0496371614209656
3.0496371614209656
3.0496371614209656
3.215451438666808
3.215451438666808
3.215451438666808
3.215451438666808
3.215451438666808
3.215451438666808
3.215451438666808
3.215451438666808
3.215451438666808
3.215451438666808
3.215451438666808
3.215451438666808
3.215451438666808
3.215451438666808
3.215451438666808
3.215451438666808
3.215451438666808
3.215451438666808
3.215451438666808
3.215451438666808
3.215451438666808
3.215451438666808
3.215451438666808
3.215451438666808
3.215451438666808
3.215451438666808
3.215451438666808
3.215451438666808
3.215451438666808
3.215451438666808
3.215451438666808
3.215451438666808
3.215451438666808
3.215451438666808
3.215451438666808
3.215451438666808
3.215451438666808
3.215451438666808
3.215451438666808
3.215451438666808
3.215451438666808
3.215451438666808
3.215451438666808
3.215451438666808
3.215451438666808
3.215451438666808
3.215451438666808
3.215451438666808
3.215451438666808
3.215451438666808
3.215451438666808
3.215451438666808
3.215451438666808
3.215451438666808
3.215451438666808
3.215451438666808
3.215451438666808
3.215451438666808
3.215451438666808
3.215451438666808
3.215451438666808
3.215451438666808
3.215451438666808
3.215451438666808
3.215451438666808
3.215451438666808
3.215451438666808
3.215451438666808
3.215451438666808
3.215451438666808
3.215451438666808
3.215451438666808
3.215451438666808
3.215451438666808
3.215451438666808
3.215451438666808
3.215451438666808
3.215451438666808
3.215451438666808
3.215451438666808
3.215451438666808
3.215451438666808
3.215451438666808
3.215451438666808
3.215451438666808
3.215451438666808
3.215451438666808
3.215451438666808
3.215451438666808
3.215451438666808
3.215451438666808
3.215451438666808
3.215451438666808
3.215451438666808
3.215451438666808
3.215451438666808
3.215451438666808
3.215451438666808
3.215451438666808
3.215451438666808
3.215451438666808
3.215451438666808
3.215451438666808
3.215451438666808
3.215451438666808
3.215451438666808
3.215451438666808
3.215451438666808
3.215451438666808
3.215451438666808
3.215451438666808
3.215451438666808
3.215451438666808
3.215451438666808
3.215451438666808
3.215451438666808
3.215451438666808
3.215451438666808
3.215451438666808
3.215451438666808
3.215451438666808
3.215451438666808
3.215451438666808
3.215451438666808
3.215451438666808
3.215451438666808
3.215451438666808
3.215451438666808
3.215451438666808
3.215451438666808
3.215451438666808
3.215451438666808
3.215451438666808
3.215451438666808
3.215451438666808
3.215451438666808
3.215451438666808
3.215451438666808
3.215451438666808
3.215451438666808
3.215451438666808
3.215451438666808
3.215451438666808
3.215451438666808
3.215451438666808
3.215451438666808
3.215451438666808
3.215451438666808
3.215451438666808
3.215451438666808
3.215451438666808
3.215451438666808
3.215451438666808
3.215451438666808
3.215451438666808
3.215451438666808
3.215451438666808
3.215451438666808
3.215451438666808
3.215451438666808
3.215451438666808
3.215451438666808
3.215451438666808
3.215451438666808
3.215451438666808
3.215451438666808
3.215451438666808
3.215451438666808
3.215451438666808
3.215451438666808
3.215451438666808
3.215451438666808
3.215451438666808
3.215451438666808
3.215451438666808
3.43196673398101
3.43196673398101
3.43196673398101
3.43196673398101
3.43196673398101
3.43196673398101
3.43196673398101
3.43196673398101
3.43196673398101
3.43196673398101
3.43196673398101
3.43196673398101
3.43196673398101
3.43196673398101
3.43196673398101
3.43196673398101
3.43196673398101
3.43196673398101
3.43196673398101
3.43196673398101
3.43196673398101
3.43196673398101
3.43196673398101
3.43196673398101
3.43196673398101
3.43196673398101
3.43196673398101
3.43196673398101
3.43196673398101
3.43196673398101
3.43196673398101
3.43196673398101
3.43196673398101
3.43196673398101
3.43196673398101
3.43196673398101
3.43196673398101
3.43196673398101
3.43196673398101
3.43196673398101
3.43196673398101
3.43196673398101
3.43196673398101
3.43196673398101
3.43196673398101
3.43196673398101
3.43196673398101
3.43196673398101
3.43196673398101
3.43196673398101
3.43196673398101
3.43196673398101
3.43196673398101
3.43196673398101
3.43196673398101
3.43196673398101
3.43196673398101
3.43196673398101
3.43196673398101
3.43196673398101
3.43196673398101
3.43196673398101
3.43196673398101
3.43196673398101
3.43196673398101
3.43196673398101
3.43196673398101
3.43196673398101
3.43196673398101
3.43196673398101
3.43196673398101
3.43196673398101
3.43196673398101
3.43196673398101
3.43196673398101
3.43196673398101
3.43196673398101
3.43196673398101
3.43196673398101
3.43196673398101
3.43196673398101
3.43196673398101
3.43196673398101
3.43196673398101
3.43196673398101
3.43196673398101
3.43196673398101
3.43196673398101
3.43196673398101
3.43196673398101
3.43196673398101
3.43196673398101
3.43196673398101
3.43196673398101
3.43196673398101
