0.14465623581938467
0.955991367891817
0.955991367891817
0.955991367891817
0.955991367891817
0.955991367891817
0.955991367891817
0.955991367891817
0.955991367891817
0.955991367891817
0.955991367891817
0.955991367891817
1.4426827461935854
1.4426827461935854
1.4426827461935854
1.4426827461935854
1.4426827461935854
1.4426827461935854
1.4426827461935854
1.4426827461935854
1.4426827461935854
1.4426827461935854
1.4426827461935854
1.4426827461935854
1.4426827461935854
1.4426827461935854
1.4426827461935854
1.4426827461935854
1.4426827461935854
1.4426827461935854
1.4426827461935854
1.4426827461935854
1.4426827461935854
1.4426827461935854
1.4426827461935854
1.4426827461935854
1.4426827461935854
1.4426827461935854
1.4426827461935854
1.4426827461935854
1.4426827461935854
1.4426827461935854
1.4426827461935854
1.4426827461935854
1.4426827461935854
1.4426827461935854
1.4426827461935854
1.4426827461935854
1.6492632678232064
1.6492632678232064
1.6492632678232064
1.6492632678232064
1.6492632678232064
1.6492632678232064
1.6492632678232064
1.6492632678232064
1.6492632678232064
1.6492632678232064
1.6492632678232064
1.6492632678232064
1.6492632678232064
1.6492632678232064
1.6492632678232064
1.6492632678232064
1.6492632678232064
1.9283010184262952
1.9283010184262952
1.9283010184262952
1.9283010184262952
1.9283010184262952
1.9283010184262952
1.9283010184262952
1.9283010184262952
1.9283010184262952
1.9283010184262952
1.9283010184262952
1.9283010184262952
1.9283010184262952
1.9283010184262952
1.9283010184262952
1.9283010184262952
1.9283010184262952
1.9283010184262952
1.9283010184262952
1.9283010184262952
1.9283010184262952
1.9283010184262952
1.9283010184262952
1.9283010184262952
1.9283010184262952
1.9283010184262952
1.9283010184262952
1.9283010184262952
2.1311828773451054
2.1311828773451054
2.1311828773451054
2.1311828773451054
2.1311828773451054
2.1311828773451054
2.1311828773451054
2.1311828773451054
2.1311828773451054
2.1311828773451054
2.1311828773451054
2.1311828773451054
2.1311828773451054
2.1311828773451054
2.1311828773451054
2.1311828773451054
2.1311828773451054
2.1311828773451054
2.1311828773451054
2.1311828773451054
2.1311828773451054
2.1311828773451054
2.1311828773451054
2.1311828773451054
2.1311828773451054
2.1311828773451054
2.1311828773451054
2.1311828773451054
2.1311828773451054
2.1311828773451054
2.1311828773451054
2.1311828773451054
2.1311828773451054
2.1311828773451054
2.1311828773451054
2.1311828773451054
2.1311828773451054
2.1311828773451054
2.1311828773451054
2.1311828773451054
2.1311828773451054
2.1311828773451054
2.1311828773451054
2.1311828773451054
2.1311828773451054
2.1311828773451054
2.1311828773451054
2.1311828773451054
2.1311828773451054
2.1311828773451054
2.1311828773451054
2.1311828773451054
2.1311828773451054
2.1311828773451054
2.1311828773451054
2.1311828773451054
2.1311828773451054
2.1311828773451054
2.1311828773451054
2.1311828773451054
2.1311828773451054
2.1311828773451054
2.1311828773451054
2.1311828773451054
2.1311828773451054
2.1311828773451054
2.1311828773451054
2.1311828773451054
2.1311828773451054
2.1311828773451054
2.1311828773451054
2.1311828773451054
2.1311828773451054
2.1311828773451054
2.1311828773451054
2.1311828773451054
2.1311828773451054
2.1311828773451054
2.1311828773451054
2.1311828773451054
2.1311828773451054
2.1311828773451054
2.1311828773451054
2.1311828773451054
2.1311828773451054
2.1311828773451054
2.1311828773451054
2.1311828773451054
2.1311828773451054
2.1311828773451054
2.1311828773451054
2.1311828773451054
2.1311828773451054
2.1311828773451054
2.1311828773451054
2.1311828773451054
2.1311828773451054
2.1311828773451054
2.1311828773451054
2.1311828773451054
2.1311828773451054
2.1311828773451054
2.1311828773451054
2.1311828773451054
2.1311828773451054
2.1311828773451054
2.1311828773451054
2.1311828773451054
2.1311828773451054
2.1311828773451054
2.1311828773451054
2.1311828773451054
2.1311828773451054
3.0807581012269263
3.0807581012269263
3.0807581012269263
3.0807581012269263
3.0807581012269263
3.0807581012269263
3.0807581012269263
3.0807581012269263
3.0807581012269263
3.0807581012269263
3.0807581012269263
3.0807581012269263
3.0807581012269263
3.0807581012269263
3.0807581012269263
3.0807581012269263
3.0807581012269263
3.0807581012269263
3.0807581012269263
3.0807581012269263
3.0807581012269263
3.0807581012269263
3.0807581012269263
3.0807581012269263
3.0807581012269263
3.0807581012269263
3.0807581012269263
3.0807581012269263
3.0807581012269263
3.0807581012269263
3.0807581012269263
3.0807581012269263
3.0807581012269263
3.0807581012269263
3.0807581012269263
3.0807581012269263
3.0807581012269263
3.0807581012269263
3.0807581012269263
3.0807581012269263
3.0807581012269263
3.0807581012269263
3.0807581012269263
3.0807581012269263
3.0807581012269263
3.0807581012269263
3.0807581012269263
3.0807581012269263
3.0807581012269263
3.0807581012269263
3.222523688381161
3.222523688381161
3.222523688381161
3.222523688381161
3.222523688381161
3.222523688381161
3.222523688381161
3.222523688381161
3.222523688381161
3.222523688381161
3.222523688381161
3.222523688381161
3.222523688381161
3.222523688381161
3.222523688381161
3.222523688381161
3.222523688381161
3.222523688381161
3.222523688381161
3.222523688381161
3.222523688381161
3.222523688381161
3.222523688381161
3.488905886109291
3.488905886109291
3.488905886109291
3.488905886109291
3.488905886109291
3.488905886109291
3.488905886109291
3.488905886109291
3.488905886109291
3.488905886109291
3.488905886109291
3.488905886109291
3.488905886109291
3.488905886109291
3.488905886109291
3.488905886109291
3.488905886109291
3.488905886109291
3.488905886109291
3.488905886109291
3.488905886109291
3.488905886109291
3.488905886109291
3.488905886109291
3.488905886109291
3.488905886109291
3.488905886109291
3.488905886109291
3.488905886109291
3.488905886109291
3.488905886109291
3.488905886109291
3.488905886109291
3.488905886109291
3.488905886109291
3.488905886109291
3.488905886109291
3.488905886109291
3.488905886109291
3.488905886109291
3.488905886109291
4.200691240663117
4.200691240663117
4.200691240663117
4.200691240663117
4.200691240663117
4.200691240663117
4.200691240663117
4.200691240663117
4.200691240663117
4.200691240663117
4.200691240663117
4.200691240663117
4.200691240663117
4.200691240663117
4.200691240663117
4.200691240663117
4.200691240663117
4.200691240663117
4.200691240663117
4.200691240663117
4.200691240663117
4.200691240663117
4.200691240663117
4.200691240663117
4.200691240663117
4.200691240663117
4.200691240663117
4.200691240663117
4.200691240663117
4.200691240663117
4.200691240663117
4.200691240663117
4.200691240663117
4.200691240663117
4.200691240663117
4.200691240663117
4.200691240663117
4.200691240663117
4.200691240663117
4.200691240663117
4.200691240663117
4.200691240663117
4.200691240663117
4.200691240663117
4.200691240663117
4.200691240663117
4.200691240663117
4.200691240663117
4.200691240663117
4.200691240663117
4.200691240663117
4.200691240663117
4.200691240663117
4.200691240663117
4.200691240663117
4.200691240663117
4.200691240663117
4.200691240663117
4.200691240663117
4.200691240663117
4.200691240663117
4.200691240663117
4.200691240663117
4.200691240663117
4.200691240663117
4.200691240663117
4.200691240663117
4.200691240663117
4.200691240663117
4.200691240663117
4.200691240663117
4.200691240663117
4.200691240663117
4.200691240663117
4.200691240663117
4.200691240663117
4.200691240663117
4.200691240663117
4.200691240663117
4.200691240663117
4.200691240663117
4.200691240663117
4.200691240663117
4.200691240663117
4.200691240663117
4.200691240663117
4.200691240663117
4.200691240663117
4.200691240663117
4.200691240663117
4.200691240663117
4.200691240663117
4.200691240663117
4.200691240663117
4.200691240663117
4.200691240663117
4.200691240663117
4.200691240663117
4.200691240663117
4.200691240663117
4.200691240663117
4.200691240663117
4.200691240663117
4.200691240663117
4.200691240663117
4.200691240663117
4.200691240663117
4.200691240663117
4.200691240663117
4.200691240663117
4.200691240663117
4.200691240663117
4.200691240663117
4.200691240663117
4.200691240663117
4.200691240663117
4.200691240663117
4.200691240663117
4.200691240663117
4.200691240663117
4.251006616430575
4.251006616430575
4.251006616430575
4.251006616430575
4.251006616430575
4.251006616430575
4.251006616430575
4.251006616430575
4.251006616430575
4.251006616430575
4.251006616430575
4.251006616430575
4.251006616430575
4.251006616430575
4.251006616430575
4.251006616430575
4.251006616430575
4.251006616430575
4.251006616430575
4.251006616430575
4.251006616430575
4.251006616430575
4.251006616430575
4.251006616430575
4.251006616430575
4.251006616430575
4.251006616430575
4.251006616430575
4.251006616430575
4.251006616430575
4.251006616430575
4.251006616430575
4.251006616430575
4.251006616430575
4.251006616430575
4.251006616430575
4.251006616430575
4.251006616430575
4.251006616430575
4.251006616430575
4.251006616430575
4.251006616430575
4.251006616430575
4.251006616430575
4.251006616430575
4.251006616430575
4.251006616430575
4.251006616430575
4.251006616430575
4.251006616430575
4.251006616430575
4.251006616430575
4.251006616430575
4.251006616430575
4.251006616430575
4.251006616430575
4.251006616430575
4.251006616430575
4.251006616430575
4.251006616430575
